100 10
65 55 30 14 2 36 89 47 52 100
41 39 19 30 55 47 41 91 91 2
23 75 35 72 2 63 1 19 45 45
28 94 91 61 56 39 78 25 30 48
59 93 48 89 70 81 63 26 7 40
26 5 91 45 10 100 89 41 99 37
68 69 34 66 49 9 7 72 39 66
27 47 79 77 63 9 63 34 76 60
87 88 54 78 90 90 79 60 67 23
44 15 28 7 95 39 20 95 1 61
29 32 29 65 49 3 3 45 6 36
54 86 86 93 79 13 92 74 10 85
77 87 60 99 35 29 92 19 12 27
60 7 32 90 31 2 40 61 52 51
47 15 18 100 71 9 99 50 37 31
68 86 11 75 43 99 63 35 76 47
20 65 66 29 24 96 41 77 65 57
25 86 98 40 55 85 43 73 64 21
21 12 4 13 40 97 84 42 94 80
79 94 52 53 43 19 33 91 8 95
11 45 43 98 35 82 89 66 41 38
15 71 37 86 10 80 96 67 84 32
30 36 1 26 86 83 53 65 100 83
59 80 35 71 75 7 98 98 88 50
2 46 100 98 59 59 70 3 93 2
3 14 33 32 83 80 55 78 78 31
55 98 10 27 13 36 42 66 63 34
77 46 45 14 99 68 80 63 69 3
4 63 73 38 93 7 64 75 25 72
11 45 51 7 93 97 56 20 15 21
74 73 23 18 63 42 43 40 24 81
94 68 79 52 69 78 33 34 80 73
36 63 4 96 100 19 93 66 88 67
96 54 100 1 14 61 52 86 50 82
40 61 17 74 26 62 77 48 56 96
35 63 83 8 37 38 75 8 100 17
22 37 3 28 83 6 79 13 79 45
34 34 38 3 87 16 16 16 35 82
24 9 22 32 23 84 93 53 10 45
89 35 26 66 94 47 32 4 53 51
100 49 44 69 87 64 75 67 70 84
12 99 8 70 100 14 59 53 97 32
70 27 1 56 59 6 37 99 3 4
8 62 60 17 31 97 96 100 73 30
11 9 7 87 7 66 5 54 20 80
29 99 68 5 50 99 13 92 74 36
13 82 100 44 55 32 72 64 87 38
41 10 92 27 6 31 11 6 38 55
94 25 69 6 46 100 39 77 77 30
71 90 96 49 46 46 52 100 100 9
74 2 80 51 97 61 19 49 75 61
34 58 67 16 53 78 18 91 92 70
91 82 33 46 61 5 69 75 40 59
77 4 31 1 9 20 69 72 71 23
79 31 81 39 22 4 32 81 54 14
14 29 38 18 84 87 13 98 17 100
94 78 15 41 64 74 56 35 12 21
98 84 59 21 63 73 33 11 63 29
96 50 52 15 71 4 20 89 42 89
99 73 3 53 64 24 7 93 5 9
59 14 91 16 27 86 85 13 28 35
86 17 62 22 74 36 73 13 25 48
26 22 50 37 22 100 22 6 50 91
81 49 21 12 64 27 39 95 34 99
92 74 89 97 74 27 20 91 17 41
18 8 43 92 14 61 80 35 74 57
68 80 99 97 56 91 7 69 83 3
46 10 81 46 19 37 75 76 23 9
30 52 4 25 63 31 7 13 68 14
60 55 36 42 60 73 65 95 25 63
99 54 58 75 46 65 61 58 20 29
22 85 93 14 55 60 76 80 82 8
39 93 60 95 12 31 62 7 58 44
90 67 11 33 5 50 7 33 91 2
23 71 77 21 69 27 58 28 16 86
42 83 72 67 9 17 83 79 55 53
99 50 1 15 67 3 3 14 78 91
13 99 7 1 17 62 19 35 75 33
73 73 51 14 12 62 36 66 40 65
42 92 63 72 99 38 3 45 44 100
52 59 91 8 60 100 73 35 23 21
80 79 97 6 90 48 67 64 33 8
65 97 8 27 83 76 92 52 51 18
13 100 95 5 24 29 57 11 13 82
92 11 14 98 23 72 62 86 76 11
84 81 1 96 16 3 54 8 80 41
64 39 1 53 83 5 37 30 84 15
65 52 78 39 100 90 18 96 95 72
55 97 97 3 80 9 50 76 81 94
83 2 4 27 32 84 7 22 94 27
76 94 82 80 10 22 44 71 88 29
85 89 41 7 75 24 78 5 18 53
71 12 44 17 84 14 2 17 72 90
59 65 97 15 31 24 16 65 36 54
88 84 93 62 74 69 95 67 87 3
93 99 85 7 72 76 20 21 28 15
6 91 75 74 59 27 8 49 83 2
85 22 14 63 94 59 21 23 45 24
10 55 33 41 26 11 95 90 61 7
1 19 23 63 72 72 62 40 49 66
